PS C:\python\cf> python 2bcheck.py
[[0.26794919 0.         0.         0.         0.        ]
 [0.         1.         0.         0.         0.        ]
 [0.         0.         2.         0.         0.        ]
 [0.         0.         0.         3.         0.        ]
 [0.         0.         0.         0.         3.73205081]]
[0.58578644 2.         3.41421356]
Time elapsed:  0.07377684844041307

PS C:\python\cf> python 2bjacobi.py
[[ 32. -16.   0.]
 [-16.  32. -16.]
 [  0. -16.  32.]]
[[ 5.46274170e+01 -4.75632317e-12  7.08747382e-20]
 [-4.75632317e-12  9.37258300e+00  0.00000000e+00]
 [ 7.08747382e-20  0.00000000e+00  3.20000000e+01]]
Similarity transformations = 9
Time elapsed:  0.004523010315781281

PS C:\python\cf> python 2drhodiag.py
Similarity transformations = 549
[18.30972683 54.40364889  2.98032867 61.84450772  6.90090439 35.48000357
 26.29077292 64.69316662 10.75637946 45.21688824 14.54867476 67.94837969
 40.34709384 58.4272937  22.16436047 72.44457218 30.75290478 78.91564122
 49.94975205 57.        ]
 
 PS C:\python\cf> python 2e.py
Similarity transformations = 618
R0 =  [ 0.02356596 -0.06071326  0.10251951 -0.14415902 -0.18325989 -0.21838663
  0.24853594 -0.27296653  0.29113826  0.30268936  0.         -0.30742735
  0.30532395  0.29651008  0.28126892 -0.26002598 -0.23333493  0.20185718
  0.16632774 -0.12747091  0.09509415]
Ground state average =  0.024146978868382248
